10 9
3 2 1 93 2 84 3 3 54 4 63 5 60 4 6 43 7 43 8 43 9 45 
3 2 1 85 2 85 3 3 34 4 37 5 32 4 6 71 7 78 8 78 9 82 
3 2 1 74 2 61 3 3 27 4 24 5 23 4 6 37 7 34 8 35 9 30 
3 2 1 69 2 76 3 3 23 4 23 5 25 4 6 38 7 38 8 38 9 43 
3 2 1 38 2 45 3 3 36 4 45 5 43 4 6 26 7 27 8 27 9 29 
3 2 1 33 2 34 3 3 17 4 19 5 19 4 6 29 7 34 8 33 9 34 
3 2 1 20 2 19 3 3 102 4 88 5 83 4 6 24 7 23 8 20 9 22 
3 2 1 36 2 41 3 3 47 4 42 5 45 4 6 34 7 33 8 36 9 31 
3 2 1 61 2 74 3 3 25 4 28 5 27 4 6 22 7 22 8 26 9 23 
3 2 1 81 2 81 3 3 95 4 95 5 87 4 6 67 7 57 8 61 9 64 
