10 9
3 2 1 68 2 64 3 3 91 4 91 5 100 4 6 49 7 54 8 54 9 57 
3 2 1 86 2 91 3 3 97 4 87 5 87 4 6 35 7 28 8 33 9 30 
3 2 1 66 2 66 3 3 11 4 11 5 11 4 6 55 7 63 8 63 9 63 
3 2 1 74 2 83 3 3 93 4 80 5 93 4 6 41 7 41 8 46 9 41 
3 2 1 37 2 40 3 3 89 4 103 5 98 4 6 42 7 44 8 44 9 42 
3 2 1 16 2 14 3 3 26 4 23 5 28 4 6 76 7 68 8 79 9 76 
3 2 1 80 2 77 3 3 72 4 76 5 81 4 6 61 7 71 8 68 9 68 
3 2 1 84 2 103 3 3 23 4 23 5 22 4 6 93 7 102 8 97 9 97 
3 2 1 38 2 38 3 3 46 4 49 5 54 4 6 95 7 91 8 81 9 81 
3 2 1 48 2 48 3 3 92 4 87 5 82 4 6 18 7 19 8 19 9 18 
